每幅图像的标定误差：
第1幅图像的平均误差：0.0674293像素
第2幅图像的平均误差：0.0831991像素
第3幅图像的平均误差：0.0645671像素
第4幅图像的平均误差：0.0633454像素
第5幅图像的平均误差：0.0609739像素
第6幅图像的平均误差：0.0520539像素
第7幅图像的平均误差：0.0596268像素
第8幅图像的平均误差：0.0706526像素
第9幅图像的平均误差：0.0674049像素
第10幅图像的平均误差：0.0663063像素
第11幅图像的平均误差：0.073238像素
第12幅图像的平均误差：0.0721207像素
第13幅图像的平均误差：0.0862926像素
第14幅图像的平均误差：0.184411像素
第15幅图像的平均误差：0.181868像素
第16幅图像的平均误差：0.0929177像素
第17幅图像的平均误差：0.0977214像素
第18幅图像的平均误差：0.130428像素
第19幅图像的平均误差：0.145752像素
第20幅图像的平均误差：0.0836509像素
第21幅图像的平均误差：0.0783625像素
第22幅图像的平均误差：0.0938955像素
第23幅图像的平均误差：0.110667像素
第24幅图像的平均误差：0.095631像素
第25幅图像的平均误差：0.0876313像素
第26幅图像的平均误差：0.0986141像素
第27幅图像的平均误差：0.0901299像素
第28幅图像的平均误差：0.0991924像素
第29幅图像的平均误差：0.0904282像素
第30幅图像的平均误差：0.0695306像素
第31幅图像的平均误差：0.0782704像素
第32幅图像的平均误差：0.104548像素
第33幅图像的平均误差：0.0994348像素
第34幅图像的平均误差：0.0817085像素
第35幅图像的平均误差：0.0810531像素
总体平均误差：0.0903731像素

相机内参数矩阵：
[586.117209069379, 0, 328.6424783954177;
 0, 584.5275054658579, 245.3589509227453;
 0, 0, 1]

畸变系数：
[0.1710508084449686, -0.8013461655238284, 0.004151039868511813, 0.002929162548942875, 1.488412981649235]


第1幅图像的旋转向量：
[-1.923380553949641;
 -5.227186269215645;
 32.42863047069948]
第1幅图像的旋转矩阵：
[0.08628045750441884, -0.9736413524974117, -0.2111354999990259;
 0.9906699544254682, 0.1062869414562173, -0.08530021966280678;
 0.1054927677685472, -0.2018058541838991, 0.97372772024095]
第1幅图像的平移向量：
[0.1262064793313145;
 2.878509510256895;
 0.1673287308525416]

第2幅图像的旋转向量：
[-1.937856271429188;
 -5.237043631714389;
 32.62789054566336]
第2幅图像的旋转矩阵：
[-0.1114810665779325, -0.9687651645410176, -0.2215085275253791;
 0.9894244286583913, -0.08738756490105795, -0.1157700888601164;
 0.092796938358237, -0.2320721212737076, 0.9682619783709673]
第2幅图像的平移向量：
[0.1279779455687566;
 2.895480873580003;
 0.1656219003771961]

第3幅图像的旋转向量：
[0.2852122341473987;
 -4.571368504025224;
 34.17977878294504]
第3幅图像的旋转矩阵：
[-0.9972568250573729, -0.07370529972448159, 0.006808352885438669;
 0.06932564433432201, -0.9622949935237536, -0.2630252848620265;
 0.02593800135167344, -0.2618317670406771, 0.9647649174043575]
第3幅图像的平移向量：
[-0.1145790089899792;
 -3.007505376872504;
 -0.7602954673742724]

第4幅图像的旋转向量：
[-9.084140667636031;
 -4.134633698960966;
 35.85274570906144]
第4幅图像的旋转矩阵：
[0.8924048887164552, 0.4505591281031345, 0.02469790837124695;
 -0.4443538559301635, 0.8870002946704125, -0.1256189793566121;
 -0.0785058298151597, 0.1011283804752386, 0.9917710851539727]
第4幅图像的平移向量：
[-1.787855528034227;
 -2.370294710381851;
 -0.4908020183200332]

第5幅图像的旋转向量：
[-9.107218955952176;
 -4.14328563990656;
 36.07529018828113]
第5幅图像的旋转矩阵：
[0.9678852061364462, 0.2505415714121068, 0.02066757693976785;
 -0.2487035316728329, 0.96628324268281, -0.06665769455849747;
 -0.03667125680514954, 0.05937689706229134, 0.9975618291712974]
第5幅图像的平移向量：
[-1.78169985888597;
 -2.363589037019868;
 -0.4884826811887398]

第6幅图像的旋转向量：
[-6.330702581528945;
 -3.467219345662122;
 40.35592444837148]
第6幅图像的旋转矩阵：
[-0.9405093775612753, 0.1785504330839329, -0.2890706722669088;
 -0.1266261662870124, -0.9736939150218098, -0.1894359360336753;
 -0.3152902230180258, -0.1415623632716014, 0.9383774147826672]
第6幅图像的平移向量：
[-1.880980828785644;
 -2.102075688450524;
 -0.515985438604428]

第7幅图像的旋转向量：
[-6.331858115724966;
 -3.458697017746438;
 40.45463022393149]
第7幅图像的旋转矩阵：
[-0.9216160039466444, 0.2712480343030064, -0.2775760168965861;
 -0.2201927276859469, -0.9544054812725904, -0.2015572871197106;
 -0.3195920899265831, -0.1246382012209344, 0.939322210347849]
第7幅图像的平移向量：
[-1.877737383745739;
 -2.098693484105507;
 -0.5212404991510011]

第8幅图像的旋转向量：
[-4.909831348659833;
 -5.243405212389417;
 26.10802767792954]
第8幅图像的旋转矩阵：
[-0.3210485863440202, -0.8493286823734333, -0.419009062556305;
 0.9452483297375595, -0.31473909858434, -0.08628380468356089;
 -0.05859522450558527, -0.4237689100442887, 0.9038730610793835]
第8幅图像的平移向量：
[-2.086431640454799;
 -2.097807925251204;
 -0.4446756985270973]

第9幅图像的旋转向量：
[-4.904654466988159;
 -5.248851408143845;
 26.24710716705593]
第9幅图像的旋转矩阵：
[-0.4389040686453881, -0.7906002030208833, -0.4269830646640013;
 0.8940052962539821, -0.431885278288688, -0.1192880407556948;
 -0.09009855046755338, -0.4340811276487849, 0.896356974549094]
第9幅图像的平移向量：
[-2.088628121594303;
 -2.100647664076294;
 -0.4531825841599518]

第10幅图像的旋转向量：
[-3.338584266998633;
 2.933384958313264;
 31.14795587997381]
第10幅图像的旋转矩阵：
[0.9988856531605123, -0.04699897880542056, 0.004306727451860116;
 0.04697667967811524, 0.9988827598231009, 0.005140398292456538;
 -0.004543509273318523, -0.004932354349898658, 0.9999775139492139]
第10幅图像的平移向量：
[-2.865539013565402;
 -0.01375807187458681;
 0.079118814506415]

第11幅图像的旋转向量：
[-3.315636899673428;
 -8.635368943996076;
 28.11841301792107]
第11幅图像的旋转矩阵：
[-0.2263112457229537, 0.9622916381938456, 0.1509238984439844;
 -0.8811292803997894, -0.1362016557047675, -0.4528358424478226;
 -0.4152040598085165, -0.2354653096434488, 0.8787273050685525]
第11幅图像的平移向量：
[-2.053829092001948;
 -2.072179044807097;
 -0.2316203167552724]

第12幅图像的旋转向量：
[-5.792747104105349;
 -3.872715640312196;
 32.66665466525136]
第12幅图像的旋转矩阵：
[-0.360841011136367, -0.8668340693291221, -0.3440820555222242;
 0.9232584568240247, -0.3841792282774259, -0.000377442819396695;
 -0.1318619982595618, -0.3178128644508844, 0.9389395063605105]
第12幅图像的平移向量：
[2.230186623342817;
 2.246737493164256;
 0.1286127623542718]

第13幅图像的旋转向量：
[-5.798795249338043;
 -3.875149670523949;
 32.72333569092017]
第13幅图像的旋转矩阵：
[-0.4106297959097769, -0.8420793582743034, -0.3496934730294977;
 0.9004650021874185, -0.4348054644228388, -0.01034349765077491;
 -0.1433385870821499, -0.3191340822857637, 0.9368070703068565]
第13幅图像的平移向量：
[-2.182942518801273;
 -2.200772802852456;
 -0.1471934211239946]

第14幅图像的旋转向量：
[-10.50945522547383;
 -6.587251499640311;
 23.50050977584473]
第14幅图像的旋转矩阵：
[0.2663790317524724, -0.7915744581120429, -0.5499564425545362;
 0.9620976621295115, 0.1837920396382025, 0.2014660633718681;
 -0.05839777365228485, -0.5827781425467629, 0.8105302811136679]
第14幅图像的平移向量：
[2.170817794737629;
 2.17955549612542;
 0.0008580782775267547]

第15幅图像的旋转向量：
[-10.52223422806953;
 -6.59340414142646;
 23.70425154617609]
第15幅图像的旋转矩阵：
[0.1071555367177733, -0.7820979996658172, -0.6138732848637849;
 0.9867455280239689, 0.007977571179306857, 0.1620790587422631;
 -0.1218644898049667, -0.6231043871429623, 0.7725865445681595]
第15幅图像的平移向量：
[2.17920066845457;
 2.189139441167899;
 -0.002354539376995953]

第16幅图像的旋转向量：
[-8.54331350656935;
 -6.376137703679001;
 22.66703849015559]
第16幅图像的旋转矩阵：
[0.9968820663678037, 0.0762564877463781, 0.02027544896775502;
 -0.07564382892760678, 0.9967002421810575, -0.02943872248234018;
 -0.02245343847673473, 0.02781322190627629, 0.9993609296884503]
第16幅图像的平移向量：
[2.205236461005585;
 2.158366388407424;
 0.06412767768942433]

第17幅图像的旋转向量：
[-8.542243657957117;
 -6.394250742773496;
 22.79820383149443]
第17幅图像的旋转矩阵：
[0.9993285989237314, -0.03521067870622535, -0.01012716535754419;
 0.03534150229210713, 0.9992901772782272, 0.01304299854274987;
 0.009660724034411743, -0.01339215069718667, 0.9998636510599007]
第17幅图像的平移向量：
[2.206748386603133;
 2.163473837420235;
 0.07051747625604741]

第18幅图像的旋转向量：
[-5.402113362768201;
 -5.57016410025543;
 23.46103010706387]
第18幅图像的旋转矩阵：
[0.916533359848283, 0.3930348077386523, 0.07409615503559136;
 -0.3843957827635589, 0.9167980515063444, -0.1082645599804528;
 -0.1104829510775692, 0.07074583139670423, 0.9913569210234932]
第18幅图像的平移向量：
[2.213583636892186;
 2.160497577184598;
 0.1123488122969438]

第19幅图像的旋转向量：
[-5.399360415585325;
 -5.580968397778377;
 23.57673538866768]
第19幅图像的旋转矩阵：
[0.9545553110345241, 0.2921844694421233, 0.05875707610669492;
 -0.2875187377077295, 0.9547096900140843, -0.07656620181362468;
 -0.07846740497006914, 0.05619291423334273, 0.9953317149308704]
第19幅图像的平移向量：
[2.208434408050522;
 2.157397529553142;
 0.1274782046047468]

第20幅图像的旋转向量：
[-3.945049091427417;
 -5.478582902852634;
 23.15109485685714]
第20幅图像的旋转矩阵：
[0.5383068298885332, 0.8343381402804392, 0.1187671022157895;
 -0.7990769617901724, 0.5500953109864052, -0.2426337939507961;
 -0.2677718544424434, 0.03570737324626466, 0.9628204492345946]
第20幅图像的平移向量：
[2.191458564399761;
 2.151525793228999;
 0.1882212191353907]

第21幅图像的旋转向量：
[-3.936228652941591;
 -5.482361820874322;
 23.24121864931606]
第21幅图像的旋转矩阵：
[0.6073716648454797, 0.7854860886703698, 0.1187908466513913;
 -0.7557677580693971, 0.6173988541012168, -0.2182515768952467;
 -0.2447749100818701, 0.0427815317611296, 0.9686356301182525]
第21幅图像的平移向量：
[2.186453971887353;
 2.147198547149421;
 0.2087628674474809]

第22幅图像的旋转向量：
[-4.786312254293867;
 -5.865517869749199;
 23.20491480051814]
第22幅图像的旋转矩阵：
[0.7587356518896161, 0.6416244886387095, 0.1124198653742026;
 -0.6179776733229774, 0.7635769709099178, -0.1872266134136756;
 -0.2059704003636414, 0.07258253974027827, 0.9758626794272297]
第22幅图像的平移向量：
[-2.133785629651135;
 -2.236984820495938;
 -0.3520365261264625]

第23幅图像的旋转向量：
[-4.778285302780438;
 -5.850136637411626;
 23.30892762903713]
第23幅图像的旋转矩阵：
[0.8150725017613666, 0.5697486186196388, 0.1050872421061689;
 -0.551846893949695, 0.818720294304065, -0.1586256137347913;
 -0.1764137820878549, 0.07129930768021966, 0.9817304040385935]
第23幅图像的平移向量：
[-2.134861661577203;
 -2.23599560559001;
 -0.3651039491701543]

第24幅图像的旋转向量：
[-7.278082509258495;
 -6.365898987372849;
 25.94169166795554]
第24幅图像的旋转矩阵：
[-0.704817399928432, -0.4099994686146613, -0.5789066146571658;
 0.6314073201928281, -0.7345552555617807, -0.2485022586084049;
 -0.3233531022969105, -0.540674589991302, 0.7766039910872862]
第24幅图像的平移向量：
[-2.12058296412672;
 -2.189980264222901;
 -0.2773809454711578]

第25幅图像的旋转向量：
[-7.286922198288623;
 -6.367952387410879;
 26.08075962686554]
第25幅图像的旋转矩阵：
[-0.7675727006422868, -0.2991131693507348, -0.566889284737033;
 0.5267080287473191, -0.798346241725671, -0.291927954768997;
 -0.3652544341713315, -0.5226610663168388, 0.7703340886100815]
第25幅图像的平移向量：
[-2.116639763165721;
 -2.186182171234806;
 -0.2803901358590467]

第26幅图像的旋转向量：
[-10.12824906557491;
 -6.31772547598003;
 25.2768439081525]
第26幅图像的旋转矩阵：
[-0.6931952869233902, -0.1253140193142542, -0.7097722809116354;
 0.4445189179833281, -0.849505982943343, -0.2841522769544453;
 -0.5673475352393187, -0.5124802254787704, 0.6445779958632608]
第26幅图像的平移向量：
[-2.123971219750395;
 -2.164295480859225;
 -0.2443494271581725]

第27幅图像的旋转向量：
[-10.14615777441757;
 -6.332389321251575;
 25.4748594929805]
第27幅图像的旋转矩阵：
[-0.7325174854365625, 0.04273945518344961, -0.6794052343780679;
 0.280344208056793, -0.8905291045022271, -0.3582806707645154;
 -0.6203428556360628, -0.452914178410307, 0.6403463816218619]
第27幅图像的平移向量：
[-2.118072389088678;
 -2.159319728586551;
 -0.2389137238671274]

第28幅图像的旋转向量：
[-8.620970865080707;
 -7.054127512194791;
 24.41975030851735]
第28幅图像的旋转矩阵：
[-0.01917772039654363, -0.8053772852067016, -0.5924522288872542;
 0.9972396511218575, -0.05792098131855811, 0.04645684183682008;
 -0.07173069963933204, -0.5899259177186392, 0.8042649553058207]
第28幅图像的平移向量：
[-2.142379504135241;
 -2.173270202522196;
 -0.27773695043769]

第29幅图像的旋转向量：
[-8.631896925712132;
 -7.059497105342473;
 24.59422137558747]
第29幅图像的旋转矩阵：
[-0.1636375018049063, -0.7616223656091394, -0.6270200476914496;
 0.9782317485928671, -0.2074897408780102, -0.003263966194349877;
 -0.1276143175666076, -0.6139050249300086, 0.7789962813246896]
第29幅图像的平移向量：
[-2.140030373121045;
 -2.170864234948758;
 -0.2731667326693052]

第30幅图像的旋转向量：
[-8.221838536131822;
 -4.335226741407302;
 24.70924023157589]
第30幅图像的旋转矩阵：
[0.3672369244315011, -0.8572354185554746, -0.3609494126717928;
 0.9289101435865831, 0.3181670896754561, 0.1894614688779855;
 -0.04757085742390546, -0.4048668178814738, 0.9131373792056068]
第30幅图像的平移向量：
[-2.141185432393702;
 -2.182343940802405;
 -0.2871119027302257]

第31幅图像的旋转向量：
[-8.232621183199834;
 -4.329268914815045;
 24.85297409734702]
第31幅图像的旋转矩阵：
[0.2464544153018383, -0.8813287790045942, -0.403137451096398;
 0.9657308790326599, 0.1883962512480501, 0.1785237289507703;
 -0.08138851553527401, -0.4333202462543762, 0.8975575044112838]
第31幅图像的平移向量：
[-2.133116891484887;
 -2.17314849233106;
 -0.2913668894923924]

第32幅图像的旋转向量：
[-1.122831663008065;
 -5.613508185097072;
 24.38493489978284]
第32幅图像的旋转矩阵：
[0.9964103366162259, 0.08253311779948165, 0.01883415914332497;
 -0.08246084686108966, 0.9965837651085873, -0.004583432877659462;
 -0.01914810223732701, 0.003013899183611413, 0.9998121156459447]
第32幅图像的平移向量：
[-2.196403767444682;
 -2.156292060668627;
 -0.3462299874353698]

第33幅图像的旋转向量：
[-1.107513590020517;
 -5.622980535794888;
 24.46425596812924]
第33幅图像的旋转矩阵：
[0.9999809700819422, 0.006012652903881153, 0.001381115141950995;
 -0.006012276754061257, 0.9999818879174085, -0.0002763428452011589;
 -0.001382751680690143, 0.0002680339399568156, 0.9999990080773064]
第33幅图像的平移向量：
[-2.207443998284578;
 -2.16791761939484;
 -0.3730547102979179]

第34幅图像的旋转向量：
[-7.155208682368297;
 -3.994495000991698;
 26.13266421802513]
第34幅图像的旋转矩阵：
[-0.5204043568679705, -0.6774527194420895, -0.5198433593625599;
 0.8018112455536762, -0.5970716033839509, -0.02458102797240658;
 -0.2937312238365141, -0.4296083255164353, 0.8539078725427396]
第34幅图像的平移向量：
[-2.09408325682253;
 -2.156380374824163;
 -0.2669102208469919]

第35幅图像的旋转向量：
[-7.157204615611523;
 -3.986257254857951;
 26.21282172592536]
第35幅图像的旋转矩阵：
[-0.5739914126129889, -0.62817212552836, -0.5252938596211912;
 0.7559290307880525, -0.6531056771927521, -0.04499194183886915;
 -0.3148097181765217, -0.4229098664346564, 0.8497305962561543]
第35幅图像的平移向量：
[-2.087595813563146;
 -2.150029172642034;
 -0.2819359579072351]


